Although =
[15402, 169068, 207672, 1672104, 1825200, 2315065, 2327057, 2426283, 2426857,
2916193, 2940872, 3051014, 3066185, 3246200, 3316391, 3370103, 3541636, 3542180,
3546914, 3552779, 3553627, 3565491, 3618816, 3674439, 3680891, 3699825, 3710591,
3807057, 3807075, 3851227, 3852020, 3852416, 3857180, 3859812, 3863580, 3867518,
3868712, 3889867, 3980949, 3993763, 4014310, 4075053, 4134786, 4164501, 4212317,
4259990, 4283444, 4309432, 4314624, 4314740, 4335065, 4354649, 4356523, 4356733,
4362864, 4370999, 4373032, 4443129]

Gobolygook =
[]

Reality =
[335865, 335944]

awoke =
[463426, 665233, 725979, 808675, 877226, 1999498, 2076842, 2077868, 2086490,
2087313, 2206241, 2225176, 2278578, 2567409, 2654518, 2681637, 2681698, 2682109,
2859149, 2921798, 3334308, 3382569]

sleepy =
[424247, 588551, 712988, 861727, 951638, 955339, 1124895, 1129857, 1131734,
1272037, 1552498, 1557958, 1645994, 1654632, 1686407, 1846345, 1887211, 1899331,
1907787, 2045902, 2179373, 2527730, 2559165, 2605999, 2628455, 3562172, 3672750,
3695981, 3976436, 4037263, 4038471, 4069506, 4238816, 4309252, 4435303]

